date,total_confirmed_cases,cases_daily_change,cases_daily_change_rolling,cases_newly_reported,cases_removed,cases_sample_date,cases_total_sample_date,total_hospitalized,currently_hospitalized,currently_in_icu,hosp_total_daily_change,hosp_total_daily_rolling,total_statewide_deaths,new_statewide_deaths,new_statewide_deaths_rolling,total_statewide_recoveries,total_completed_tests,new_completed_tests,new_completed_tests_rolling,daily_pct_positive
2020-03-05,0,0,0.0,0,0,1,1,0,0,0,0,0.0,0,0,,0,,,,
2020-03-06,1,1,0.3,0,0,0,1,0,0,0,0,0.0,0,0,,0,,,,
2020-03-07,1,0,0.2,0,0,1,2,0,0,0,0,0.0,0,0,,0,,,,
2020-03-08,2,1,0.4,0,0,0,2,0,0,0,0,0.0,0,0,,0,,,,
2020-03-09,2,0,0.3,0,0,3,5,0,0,0,0,0.0,0,0,,0,,,,
2020-03-10,3,1,0.4,0,0,6,11,0,0,0,0,0.0,0,0,,0,,,,
2020-03-11,5,2,0.7,0,0,10,21,0,0,0,0,0.0,0,0,,0,,,,
2020-03-12,9,4,1.3,0,0,22,43,0,0,0,0,0.0,0,0,,0,,,,
2020-03-13,14,5,1.9,0,0,19,62,0,0,0,0,0.0,0,0,,0,,,,
2020-03-14,21,7,2.9,0,0,28,90,0,0,0,0,0.0,0,0,,0,,,,
2020-03-15,35,14,4.7,0,0,38,128,1,1,0,0,0.0,0,0,,0,,,,
2020-03-16,54,19,7.4,0,0,51,179,3,3,0,2,0.2857142857142857,0,0,,0,,,,
2020-03-17,60,6,8.1,0,0,67,246,3,3,1,0,0.2857142857142857,0,0,,0,,,,
2020-03-18,77,17,10.3,0,0,23,269,7,4,1,4,0.8571428571428571,0,0,,0,,,,
2020-03-19,89,12,11.4,0,0,18,287,7,7,1,0,0.8571428571428571,0,0,,24,,,,
2020-03-20,115,26,14.4,0,0,16,303,7,5,2,0,0.8571428571428571,0,0,,24,,,,
2020-03-21,137,22,16.6,0,0,24,327,12,6,4,5,1.5714285714285714,1,1,1.0,38,,,,
2020-03-22,169,32,19.1,0,0,22,349,12,10,5,0,1.5714285714285714,1,0,0.5,40,,,,
2020-03-23,235,66,25.9,0,0,44,393,21,12,5,9,2.5714285714285716,1,0,0.3,46,,,,
2020-03-24,262,27,28.9,0,0,51,444,21,15,7,0,2.5714285714285716,1,0,0.2,88,,,,
2020-03-25,287,25,30.0,0,0,58,502,35,26,12,14,4.0,1,0,0.2,122,,,,
2020-03-26,346,59,36.7,0,0,63,565,41,31,13,6,4.857142857142857,2,1,0.3,134,,,,
2020-03-27,397,51,40.3,0,0,75,640,51,34,17,10,6.285714285714286,4,2,0.6,180,,,,
2020-03-28,441,44,43.4,0,0,47,687,57,30,13,6,6.428571428571429,5,1,0.6,220,,,,
2020-03-29,503,62,47.7,0,0,38,725,75,39,16,18,9.0,9,4,1.1,252,18081,1524,1524.0,0.041
2020-03-30,576,73,48.7,0,0,98,823,92,56,24,17,10.142857142857142,10,1,1.3,260,19290,1209,1366.5,0.06
2020-03-31,629,53,52.4,0,0,93,916,112,56,26,20,13.0,12,2,1.6,288,20336,1046,1259.7,0.051
2020-04-01,689,60,57.4,0,0,57,973,122,54,27,10,12.428571428571429,17,5,2.3,342,21852,1516,1323.8,0.04
2020-04-02,742,53,56.6,0,0,83,1056,138,75,38,16,13.857142857142858,18,1,2.3,373,22855,1003,1259.6,0.053
2020-04-03,789,47,56.0,0,0,63,1119,156,86,40,18,15.0,22,4,2.6,410,24838,1983,1380.2,0.024
2020-04-04,865,76,60.6,0,0,39,1158,180,95,42,24,17.571428571428573,24,2,2.7,440,26184,1346,1375.3,0.056
2020-04-05,935,70,61.7,0,0,60,1218,202,106,48,22,18.142857142857142,29,5,2.9,451,27847,1663,1395.1,0.042
2020-04-06,986,51,58.6,0,0,112,1330,223,115,57,21,18.714285714285715,30,1,2.9,470,29312,1465,1431.7,0.035
2020-04-07,1069,83,62.9,0,0,103,1433,242,120,64,19,18.571428571428573,34,4,3.1,549,30491,1179,1450.7,0.07
2020-04-08,1154,85,66.4,0,0,102,1535,271,135,64,29,21.285714285714285,39,5,3.1,632,32042,1551,1455.7,0.055
2020-04-09,1242,88,71.4,0,0,103,1638,293,145,63,22,22.142857142857142,50,11,4.6,675,33495,1453,1520.0,0.061
2020-04-10,1336,94,78.1,0,0,95,1733,317,143,64,24,23.0,57,7,5.0,732,35326,1831,1498.3,0.051
2020-04-11,1427,91,80.3,0,0,74,1807,340,145,69,23,22.857142857142858,64,7,5.7,793,37085,1759,1557.3,0.052
2020-04-12,1621,194,98.0,0,0,58,1865,361,157,74,21,22.714285714285715,70,6,5.9,842,38711,1626,1552.0,0.119
2020-04-13,1650,29,94.9,0,0,148,2013,361,157,74,0,19.714285714285715,70,0,5.7,842,39901,1190,1512.7,0.024
2020-04-14,1695,45,89.4,0,0,156,2169,405,177,75,44,23.285714285714285,79,9,6.4,909,40686,785,1456.4,0.057
2020-04-15,1809,114,93.6,0,0,157,2326,445,197,93,40,24.857142857142858,87,8,6.9,940,41877,1191,1405.0,0.096
2020-04-16,1912,103,95.7,0,0,171,2497,475,213,103,30,26.0,94,7,6.3,1020,43573,1696,1439.7,0.061
2020-04-17,2071,159,105.0,0,0,182,2679,518,223,106,43,28.714285714285715,111,17,7.7,1066,45029,1456,1386.1,0.109
2020-04-18,2213,142,112.3,0,0,121,2800,561,239,111,43,31.571428571428573,121,10,8.1,1118,46495,1466,1344.3,0.097
2020-04-19,2356,143,105.0,0,0,126,2926,574,228,116,13,30.428571428571427,134,13,9.1,1160,47975,1480,1323.4,0.097
2020-04-20,2470,114,117.1,0,0,276,3202,602,237,126,28,34.42857142857143,142,9,10.4,1202,49206,1231,1329.3,0.093
2020-04-21,2567,97,124.6,0,0,262,3464,629,237,117,27,32.0,160,17,11.6,1254,50046,840,1337.1,0.115
2020-04-22,2721,154,130.3,0,0,309,3773,660,240,107,31,30.714285714285715,179,19,13.1,1317,51795,1749,1416.9,0.088
2020-04-23,2942,221,147.1,0,0,525,4298,712,268,104,52,33.857142857142854,200,21,15.1,1536,53924,2129,1478.7,0.104
2020-04-24,3185,243,159.1,0,0,519,4817,756,278,111,44,34.0,221,21,15.7,1594,56414,2490,1626.4,0.098
2020-04-25,3446,261,176.1,0,0,339,5156,797,288,109,41,33.714285714285715,244,23,17.6,1654,59503,3089,1858.3,0.084
2020-04-26,3602,156,178.0,0,0,386,5542,829,285,115,32,36.42857142857143,272,28,19.7,1774,62123,2620,2021.1,0.06
2020-04-27,3816,214,192.3,0,0,680,6222,861,292,122,32,37.0,286,14,20.4,1842,64687,2564,2211.6,0.083
2020-04-28,4181,365,230.6,0,0,604,6826,912,314,120,51,40.42857142857143,301,15,20.1,1912,66705,2018,2379.9,0.181
2020-04-29,4644,463,274.7,0,0,682,7508,950,320,119,38,41.42857142857143,319,18,20.0,2043,70051,3346,2608.0,0.138
2020-04-30,5136,492,313.4,0,0,648,8156,1044,365,130,94,47.42857142857143,343,24,20.4,2172,77132,7081,3315.4,0.069
2020-05-01,5730,594,363.6,0,0,622,8778,1096,369,118,52,48.57142857142857,371,28,21.4,2282,81480,4348,3580.9,0.137
2020-05-02,6228,498,397.4,0,0,335,9113,1159,389,135,63,51.714285714285715,395,24,21.6,2397,85963,4483,3780.0,0.111
2020-05-03,6663,435,437.3,0,0,340,9453,1199,373,155,40,52.857142857142854,419,24,21.0,3015,89692,3729,3938.4,0.117
2020-05-04,7234,571,488.3,0,0,823,10276,1271,396,166,72,58.57142857142857,428,9,20.3,4212,92852,3160,4023.6,0.181
2020-05-05,7851,617,524.3,0,0,644,10920,1350,434,182,79,62.57142857142857,455,27,22.0,4614,96920,4068,4316.4,0.152
2020-05-06,8579,728,562.1,0,0,635,11555,1405,443,180,55,65.0,484,29,23.6,5005,100086,3166,4290.7,0.23
2020-05-07,9365,786,604.1,0,0,817,12372,1459,435,182,54,59.285714285714285,507,23,23.4,5308,104565,4479,3919.0,0.175
2020-05-08,10088,723,622.6,0,0,712,13084,1549,473,198,90,64.71428571428571,533,26,23.1,5697,109576,5011,4013.7,0.144
2020-05-09,10790,702,651.7,0,0,281,13365,1612,476,180,63,64.71428571428571,557,24,23.1,6322,114454,4878,4070.1,0.144
2020-05-10,11271,481,658.3,0,0,231,13596,1687,434,199,75,69.71428571428571,577,20,22.6,6882,119367,4913,4239.3,0.098
2020-05-11,11799,528,652.1,0,0,826,14422,1716,452,194,29,63.57142857142857,590,13,23.1,7536,124665,5298,4544.7,0.1
2020-05-12,12494,695,663.3,0,0,663,15085,1799,496,199,83,64.14285714285714,613,23,22.6,8223,129969,5304,4721.3,0.131
2020-05-13,12917,423,619.7,0,0,732,15817,1851,494,199,52,63.714285714285715,637,24,21.9,8787,133983,4014,4842.4,0.105
2020-05-14,13435,518,581.4,523,5,794,16611,1915,498,203,64,65.14285714285714,662,25,22.1,9136,141277,7294,5244.6,0.071
2020-05-15,14240,805,593.1,808,3,798,17409,1985,498,200,70,62.285714285714285,682,20,21.3,9503,148010,6733,5490.6,0.12
2020-05-16,14969,729,597.0,740,11,344,17753,2039,493,225,54,61.0,699,17,20.3,10271,157139,9129,6097.9,0.08
2020-05-17,15668,699,628.1,699,0,311,18064,2090,487,221,51,57.57142857142857,721,22,20.6,10897,165106,7967,6534.1,0.088
2020-05-18,16372,704,653.3,705,1,973,19037,2128,488,229,38,58.857142857142854,730,9,20.0,10764,171087,5981,6631.7,0.118
2020-05-19,17029,657,647.9,665,8,857,19894,2221,545,229,93,60.285714285714285,747,17,19.1,11540,177476,6389,6786.7,0.103
2020-05-20,17670,641,679.0,645,4,767,20661,2308,550,212,87,65.28571428571429,776,29,19.9,12227,183850,6374,7123.9,0.101
2020-05-21,18200,530,680.7,539,9,982,21643,2380,566,229,72,66.42857142857143,808,32,20.9,12488,190804,6954,7075.3,0.076
2020-05-22,19005,805,680.7,813,8,789,22432,2432,534,233,52,63.857142857142854,841,33,22.7,12696,199062,8258,7293.1,0.097
2020-05-23,19845,840,696.6,847,7,399,22831,2534,568,215,102,70.71428571428571,851,10,21.7,13485,208784,9722,7377.9,0.086
2020-05-24,20573,728,700.7,730,2,359,23190,2588,553,207,54,71.14285714285714,868,17,21.0,14115,217681,8897,7510.7,0.082
2020-05-25,21315,742,706.1,745,3,412,23602,2676,605,248,88,78.28571428571429,880,12,21.4,14816,224662,6981,7653.6,0.106
2020-05-26,21960,645,704.4,652,7,795,24397,2709,570,258,33,69.71428571428571,898,18,21.6,15523,231310,6648,7690.6,0.097
2020-05-27,22464,504,684.9,510,6,682,25079,2796,598,260,87,69.71428571428571,931,33,22.1,16314,238247,6937,7771.0,0.073
2020-05-28,22947,483,678.1,493,10,576,25655,2880,606,242,84,71.42857142857143,966,35,22.6,16655,247773,9526,8138.4,0.051
2020-05-29,23531,584,646.6,590,6,458,26113,2936,592,259,56,72.0,995,29,22.0,16930,257671,9898,8372.7,0.059
2020-05-30,24190,659,620.7,660,1,168,26281,3011,589,263,75,68.14285714285714,1025,30,24.9,17864,268055,10384,8467.3,0.063
2020-05-31,24850,660,611.0,664,4,142,26423,3047,555,257,36,65.57142857142857,1039,14,24.4,18695,276492,8437,8401.6,0.078
2020-06-01,25208,358,556.1,361,3,583,27006,3086,549,253,39,58.57142857142857,1049,10,24.1,19441,283375,6883,8387.6,0.052
2020-06-02,25508,300,506.9,310,10,486,27492,3134,537,248,48,60.714285714285715,1071,22,24.7,20381,287556,4181,8035.1,0.072
2020-06-03,25870,362,486.6,372,10,522,28014,3203,537,254,69,58.142857142857146,1085,14,22.0,21169,295227,7671,8140.0,0.047
2020-06-04,26273,403,475.1,404,1,405,28419,3253,512,244,50,53.285714285714285,1114,29,21.1,21490,311127,15900,9050.6,0.025
2020-06-05,26980,707,492.7,712,0,411,28830,3289,478,220,36,50.42857142857143,1147,33,21.7,21864,322066,10939,9199.3,0.065
2020-06-06,27501,521,473.0,526,5,163,28993,3336,473,206,47,46.42857142857143,1169,22,20.6,22253,333107,11041,9293.1,0.047
2020-06-07,27886,385,433.7,388,3,138,29131,3367,450,199,31,45.714285714285715,1185,16,20.9,22992,343508,10401,9573.7,0.037
2020-06-08,28224,338,430.9,338,0,479,29610,3401,452,198,34,45.0,1196,11,21.0,23657,353028,9520,9950.4,0.036
2020-06-09,28523,299,430.7,307,8,460,30070,3441,455,199,40,43.857142857142854,1216,20,20.7,24221,360789,7761,10461.9,0.039
2020-06-10,28869,346,428.4,352,6,404,30474,3482,427,193,41,39.857142857142854,1235,19,21.4,24675,369669,8880,10634.6,0.039
2020-06-11,29316,447,434.7,453,6,345,30819,3522,411,196,40,38.42857142857143,1247,12,19.0,24870,381705,12036,10082.6,0.037
2020-06-12,29795,479,402.1,490,11,308,31127,3557,403,191,35,38.285714285714285,1272,25,17.9,25028,395099,13394,10433.3,0.036
2020-06-13,30172,377,381.6,394,17,153,31280,3581,390,191,24,35.0,1281,9,16.0,25620,407898,12799,10684.4,0.029
2020-06-14,30471,299,369.3,311,12,150,31430,3610,369,186,29,34.714285714285715,1296,15,15.9,26090,417695,9797,10598.1,0.031
2020-06-15,30693,222,352.7,230,8,401,31831,3630,353,186,20,32.714285714285715,1302,6,15.1,26609,422716,5021,9955.4,0.044
2020-06-16,30882,189,337.0,197,8,412,32243,3658,357,185,28,31.0,1311,9,13.6,27006,428924,6208,9733.6,0.03
2020-06-17,31296,414,346.7,419,5,430,32673,3689,351,181,31,29.571428571428573,1323,12,12.6,27404,448471,19547,11257.4,0.021
2020-06-18,31675,379,337.0,387,8,388,33061,3718,345,171,29,28.0,1342,19,13.6,27566,460971,12500,11323.7,0.03
2020-06-19,32031,356,319.4,362,6,340,33401,3748,339,168,30,27.285714285714285,1359,17,12.4,27709,475160,14189,11437.3,0.025
2020-06-20,32467,436,327.9,438,2,219,33620,3767,324,161,19,26.571428571428573,1371,12,12.9,28205,491928,16768,12004.3,0.026
2020-06-21,32920,453,349.9,461,8,197,33817,3797,322,160,30,26.714285714285715,1379,8,11.9,28663,504060,12132,12337.9,0.037
2020-06-22,33227,307,362.0,308,1,485,34302,3830,332,156,33,28.571428571428573,1383,4,11.6,29065,512665,8605,12849.9,0.036
2020-06-23,33469,242,369.6,245,3,590,34892,3860,339,158,30,28.857142857142858,1392,9,11.6,29399,519896,7231,12996.0,0.033
2020-06-24,33763,294,352.4,304,10,513,35405,3897,340,160,37,29.714285714285715,1397,5,10.6,29707,529574,9678,11586.1,0.03
2020-06-25,34123,360,349.7,365,5,487,35892,3943,336,162,46,32.142857142857146,1406,9,9.1,29854,542508,12934,11648.1,0.028
2020-06-26,34616,493,369.3,498,5,528,36420,3966,335,157,23,31.142857142857142,1411,5,7.4,30008,557101,14593,11705.9,0.034
2020-06-27,35033,417,366.6,427,10,281,36701,3986,300,155,20,31.285714285714285,1417,6,6.6,30401,570033,12932,11157.9,0.032
2020-06-28,35549,516,375.6,523,10,241,36942,4010,288,143,24,30.428571428571427,1425,8,6.6,30809,584932,14899,11553.1,0.035
2020-06-29,35861,312,376.3,315,3,585,37527,4031,278,140,21,28.714285714285715,1435,10,7.4,31225,592449,7517,11397.7,0.042
2020-06-30,36303,442,404.9,444,2,583,38110,4054,270,136,23,27.714285714285715,1441,6,7.0,31601,604854,12405,12136.9,0.036
2020-07-01,36716,413,421.9,426,13,634,38744,4081,260,125,27,26.285714285714285,1445,4,6.9,31947,616784,11930,12458.6,0.035
2020-07-02,37210,494,441.0,500,6,563,39307,4112,274,123,31,24.142857142857142,1458,13,7.4,32163,630335,13551,12546.7,0.036
2020-07-03,37624,414,429.7,423,9,421,39728,4139,270,132,27,24.714285714285715,1466,8,7.9,32347,644985,14650,12554.9,0.028
2020-07-04,37624,,431.8,,,103,39831,4139,,,0,21.857142857142858,1466,,8.2,32347,659019,14034,12712.3,
2020-07-05,38136,512,431.2,519,7,277,40108,4170,253,132,31,22.857142857142858,1471,5,7.7,33408,673447,14428,12645.0,0.035
2020-07-06,38569,433,451.3,434,1,752,40860,4219,258,125,49,26.857142857142858,1474,3,6.5,33907,679116,5669,12381.0,0.076
2020-07-07,39133,564,471.7,569,5,679,41539,4252,267,121,33,28.285714285714285,1477,3,6.0,34377,685027,5911,11453.3,0.095
2020-07-08,39589,456,478.8,463,7,750,42289,4272,265,122,20,27.285714285714285,1485,8,6.7,34902,692637,7610,10836.1,0.06
2020-07-09,40163,574,492.2,589,15,693,42982,4305,251,116,33,27.571428571428573,1490,5,5.3,35193,706566,13929,10890.1,0.041
2020-07-10,40767,604,523.8,609,5,695,43677,4329,227,124,24,27.142857142857142,1495,5,4.8,35442,725786,19220,11543.0,0.031
2020-07-11,41571,804,563.9,806,2,238,43915,4366,241,121,37,32.42857142857143,1499,4,4.7,36012,741843,16057,11832.0,0.05
2020-07-12,42281,710,592.1,715,5,316,44231,4399,251,123,33,32.714285714285715,1502,3,4.4,36582,756787,14944,11905.7,0.048
2020-07-13,42772,491,600.4,499,8,587,44818,4424,247,114,25,29.285714285714285,1504,2,4.3,37199,768840,12053,12817.7,0.041
2020-07-14,43170,398,576.7,403,5,622,45440,4452,236,107,28,28.571428571428573,1510,6,4.7,37749,777826,8986,13257.0,0.044
2020-07-15,43742,572,593.3,578,6,446,45886,4495,254,106,43,31.857142857142858,1518,8,4.7,38179,790262,12436,13946.4,0.046
2020-07-16,44347,605,597.7,611,6,271,46157,4526,249,103,31,31.571428571428573,1526,8,5.1,38290,805054,14792,14069.7,0.041
2020-07-17,45013,666,606.6,669,3,42,46199,4563,252,110,37,33.42857142857143,1533,7,5.4,38568,819807,14753,13431.6,0.045
2020-07-18,45470,457,557.0,464,7,3,46202,4602,265,117,39,33.714285714285715,1538,5,5.6,39310,836343,16536,13500.0,0.028
2020-07-19,46204,734,560.4,737,3,0,46202,4627,258,120,25,32.57142857142857,1541,3,5.6,40001,853188,16845,13771.6,0.044
